21 21 0 1
000000111110111110000000
001111111110111111111000
001111111110111111111000
001111111110111111111000
111111111111111111111110
111111111111111111111110
111111111111111111111110
111111111111111111111110
111111111111111111111110
000000111110111110000000
111111111111111111111110
111111111111111111111110
111111111111111111111110
111111111111111111111110
111111111111111111111110
011111111110111111111000
011111111110111111111000
011111111110111111111000
111111111111111111111110
111111111111111111111110
111111111111111111111110
111111111111111111111110
111111111111111111111110
000000000000000000000000

