Pass-1
20 25 0 1
       11               2
 33 4  11     555       2
 33 4  11 6   555  777  2
33333  11 6 8 5 5    7  2
 33 3  11 6 8 555  977  2
 3333  11 6 8 555  777   
333 3  11 6 8 555  7     
 33 3  11 6 8 555  7 10  11
 33 3  11 6 8 555  7 10  11
 33 3  11 6 85555  777  11
3            5         1111
 33 1212121212     555 13 14 11  
 33 1212121212     555  1010 11 15
 33 1212121212     555    10  15
 33 12  1212 16 17 555  18  101010
       1212 16             10
 1919 20  1212  16  212121       10
 1919 20  1212 16 16 212121  222222 1010
 19191010  1212 16 16 21 21   2222  10
 1910 1010101010 16 1610101010  222222   

EQAry
index number
0 0
1 1
2 2
3 3
4 4
5 5
6 6
7 3
8 8
9 7
10 10
11 5
12 12
13 13
14 10
15 10
16 16
17 17
18 10
19 19
20 20
21 21

Pass-2
20 25 0 1
       11               2
 33 4  11     555       2
 33 4  11 6   555  777  2
33333  11 6 8 5 5    7  2
 33 3  11 6 8 555  977  2
 3333  11 6 8 555  777   
333 3  11 6 8 555  7     
 33 3  11 6 8 555  7 10  11
 33 3  11 6 8 555  7 10  11
 33 3  11 6 85555  777  11
3            5         1111
 33 1212121212     555 13 14 11  
 33 1212121212     555  1010 11 15
 33 1212121212     555    10  15
 33 12  1212 16 17 555  18  101010
       1212 16             10
 1919 20  1212  16  212121       10
 1919 20  1212 16 16 212121  222222 1010
 19191010  1212 16 16 21 21   2222  10
 1910 1010101010 16 1610101010  222222   

EQAry
index number
0 0
1 1
2 2
3 3
4 4
5 5
6 6
7 3
8 8
9 7
10 10
11 5
12 12
13 13
14 10
15 10
16 16
17 17
18 10
19 19
20 20
21 21

EQAry after manageEQAry
index number
0 0
1 1
2 2
3 3
4 4
5 5
6 6
7 3
8 7
9 3
10 8
11 5
12 9
13 10
14 8
15 8
16 11
17 12
18 8
19 13
20 14
21 15

Pass-3
20 25 0 1
       11               2
 33 4  11     555       2
 33 4  11 6   555  333  2
33333  11 6 7 5 5    3  2
 33 3  11 6 7 555  333  2
 3333  11 6 7 555  333   
333 3  11 6 7 555  3     
 33 3  11 6 7 555  3 8  5
 33 3  11 6 7 555  3 8  5
 33 3  11 6 75555  333  5
3            5         55
 33 99999     555 10 8 5  
 33 99999     555  88 5 8
 33 99999     555    8  8
 33 9  99 11 12 555  8  888
       99 11             8
 1313 14  99  11  151515       8
 1313 14  99 11 11 151515  888 88
 131388  99 11 11 15 15   88  8
 138 88888 11 118888  888   

EQAry
index number
0 0
1 1
2 2
3 3
4 4
5 5
6 6
7 3
8 7
9 3
10 8
11 5
12 9
13 10
14 8
15 8
16 11
17 12
18 8
19 13
20 14
21 15
