21 21 0 1
000000000000000000000000
000000000000000000000000
000000001000001000000000
000000001000001000000000
000000001000001000000000
000000001000001000000000
001111111111111111111000
000000001000001000000000
000000001000001000000000
000000001000001000000000
000000001000001000000000
000000001000001000000000
001111111111111111111000
000000001000001000000000
000000001000001000000000
000000001000001000000000
000000001000001000000000
000000001000001000000000
000000001000001000000000
000000001000001000000000
001111111111111111111000
000000000000000000000000
000000000000000000000000
000000000000000000000000

