21 21 0 1
000000000000000000000000
000000011100011100000000
000000011100011100000000
000000011100011100000000
000000011100011100000000
011111111111111111111100
011111111111111111111100
011111111111111111111100
000000011100011100000000
000000011100011100000000
000000011100011100000000
011111111111111111111100
011111111111111111111100
011111111111111111111100
000000011100011100000000
000000011100011100000000
000000011100011100000000
000000011100011100000000
000000011100011100000000
011111111111111111111100
011111111111111111111100
011111111111111111111100
000000000000000000000000
000000000000000000000000

